100
428467 6334
19169 15724
4809358 26962
4645705 28145
2826827 9961
4912995 11942
3275436 32391
1043902 153
2932382 17421
2179718 19895

4491726 14771



381869 19912
1696299 17035
3968703 23811
3250333 17673
1655141 7711
2536868 25547
1472662 32757
382859 8723
2437529 778
3163035 22190
3420288 30106
408942 19264
1507446 23805
3906729 24370
3515006 31101
3933548 19629
1254084 19954
2571840 4966
3773931 26308
4472439 24626
3235537 21538
1182082 22929
414833 31115
1419658 22704
4313977 2306
1752386 5021
2476924 19072
2705829 26777
735097 16512
4873290 9161
1382355 24767
1565574 4031
547350 1150
4431724 13966
4331107 30191
81337 15457
2897753 10383
4458909 32209
2604221 18588
4244946 27506
316413 29168
4032591 18762
1567410 6359
1260537 21548
4857595 4041
1044350 10291
3369374 11020
984021 27348
2009668 24484
2814734 53
16418 27938
4003788 18127
4673728 14893
1502483 17807
4224310 6617
3139514 14309
1178935 17451
1005249 16519
582798 30303
2251008 5844
1104989 32702
1970485 3093
3460523 1587
3149503 7448
2013458 6618
819796 14798
2829589 20798
117157 20472
1238538 12292
404179 18190
1577958 6191
3172888 19156
126202 2634
2740055 20328
1486362 4886
3778433 29869
1443844 1416
3841998 10322
1520021 5699
598476 27892
3895075 10712
1002510 21003
3707861 14688
4019789 15255
4235002 10585
1830285 27088
4288617 23757
3350932 4169
1565721 17189
