428467 1
19169 428467
4809358 19169
4645705 4809358
2826827 428467
4912995 2826827
3275436 4645705
1043902 428467
2932382 19169
2179718 2932382
4491726 19169


381869 2179718
1696299 2932382
3968703 4809358
3250333 2932382
1655141 428467
2536868 4809358
1472662 3275436
382859 1655141
2437529 1043902
3163035 3968703
3420288 4645705
408942 2179718
1507446 3968703
3906729 3968703
3515006 3420288
3933548 2179718
1254084 381869
2571840 428467
3773931 4809358
4472439 3906729
3235537 3163035
1182082 3163035
414833 3515006
1419658 1182082
4313977 2437529
1752386 2571840
2476924 408942
2705829 4809358
735097 1696299
4873290 382859
1382355 4472439
1565574 2571840
547350 2437529
4431724 4491726
4331107 3420288
81337 19169
2897753 2826827
4458909 3275436
2604221 2476924
4244946 4809358
316413 3420288
4032591 2604221
1567410 428467
1260537 3235537
4857595 1565574
1044350 2897753
3369374 2897753
984021 4244946
2009668 3906729
2814734 1043902
16418 4645705
4003788 3250333
4673728 4491726
1502483 3250333
4224310 1567410
3139514 4431724
1178935 2932382
1005249 735097
582798 4331107
2251008 428467
1104989 1472662
1970485 4313977
3460523 547350
3149503 1655141
2013458 4224310
819796 4491726
2829589 3235537
117157 2829589
1238538 4912995
404179 4003788
1577958 428467
3172888 2476924
126202 4313977
2740055 117157
1486362 2571840
3778433 3420288
1443844 3460523
3841998 1044350
1520021 2251008
598476 16418
3895075 3369374
1002510 2829589
3707861 4491726
4019789 81337
4235002 3895075
1830285 4809358
4288617 1507446
3350932 4857595
1565721 1696299
