428467 1
19169 428467
4809358 19169
4645705 4809358
2826827 428467
4912995 2826827
3275436 4645705
1043902 428467
2932382 19169
2179718 2932382
4491726 19169
381869 2179718
1696299 2932382
3968703 4809358
3250333 2932382
1655141 428467
2536868 4809358
1472662 3275436
382859 1655141
2437529 1043902
3163035 3968703
3420288 4645705
408942 2179718
1507446 3968703
3906729 3968703
3515006 3420288
3933548 2179718
1254084 381869
2571840 428467
3773931 4809358
4472439 3906729
3235537 3163035
1182082 3163035
414833 3515006
1419658 1182082
4313977 2437529
1752386 2571840
2476924 408942
2705829 4809358
735097 1696299
4873290 382859
1382355 4472439
1565574 2571840
547350 2437529
4431724 4491726
4331107 3420288
81337 19169
2897753 2826827
4458909 3275436
2604221 2476924
4244946 4809358
316413 3420288
4032591 2604221
1567410 428467
1260537 3235537
4857595 1565574
1044350 2897753
3369374 2897753
984021 4244946
2009668 3906729
2814734 1043902
16418 4645705
4003788 3250333
4673728 4491726
1502483 3250333
4224310 1567410
3139514 4431724
1178935 2932382
1005249 735097
582798 4331107
2251008 428467
1104989 1472662
1970485 4313977
3460523 547350
3149503 1655141
2013458 4224310
819796 4491726
2829589 3235537
117157 2829589
1238538 4912995
404179 4003788
1577958 428467
3172888 2476924
126202 4313977
2740055 117157
1486362 2571840
3778433 3420288
1443844 3460523
3841998 1044350
1520021 2251008
598476 16418
3895075 3369374
1002510 2829589
3707861 4491726
4019789 81337
4235002 3895075
1830285 4809358
4288617 1507446
3350932 4857595
1565721 1696299
4791329 4313977
1941425 4235002
4356549 3149503
150145 4003788
2183753 735097
4246279 3773931
1882529 1419658
4389866 1238538
1953195 1970485
4188286 2183753
4896282 1238538
2358114 4912995
3180671 2251008
2634313 3906729
1870053 2437529
3081832 1002510
3157756 4645705
603646 16418
4814144 1182082
2227129 4313977
370450 3369374
4672044 1260537
2946439 1565721
266154 316413
2470649 4389866
3134474 603646
1694018 4032591
4067958 4356549
2023625 3773931
4149314 4246279
3365874 3906729
1601833 3134474
4898297 3149503
1787773 4458909
2632668 1565721
4853102 382859
2137627 1486362
1020527 126202
431924 3369374
4733061 3139514
57432 1178935
952725 4389866
4920142 2632668
2873064 1655141
1878360 1882529
4754270 316413
2380833 3933548
2618896 2137627
2862550 1043902
1942695 4672044
192125 2023625
1962658 3773931
3732466 2618896
953851 2536868
208464 1002510
1522800 150145
601926 4873290
2602170 2740055
790227 4912995
2587164 1752386
3837086 266154
4899577 3139514
1275627 1520021
4305423 3157756
4034962 2862550
963737 2470649
1982525 547350
2606202 2873064
320326 316413
2716411 2536868
1551520 3778433
4270188 4672044
4420851 2604221
3320900 3250333
4597578 4853102
81477 547350
586439 4313977
2619357 4313977
4775108 208464
3889801 1182082
4622428 952725
3859405 4224310
1138704 4389866
3566072 266154
3244485 117157
2161626 4873290
273357 3566072
2733869 3566072
3973022 3837086
1132717 4420851
874041 3365874
1314229 2618896
598932 3163035
3562053 1696299
869734 2013458
4741457 3139514
322963 1020527
4830911 2358114
692848 3732466
4382223 3163035
2546511 1419658
1771459 1502483
2227870 3460523
4355205 4458909
3517398 598932
2022193 1138704
1396534 1275627
4940176 4149314
4630548 19169
3014413 1005249
3574855 2470649
4647611 3515006
4272678 2227870
4458296 2022193
409313 1870053
732818 2437529
184932 4645705
1963169 3968703
426488 4305423
919497 322963
4915145 408942
3158651 2705829
451258 1043902
2601192 4898297
2652181 4305423
3313775 3244485
2925997 57432
585561 4355205
4699541 4246279
2427813 4754270
1016077 2602170
1838213 1963169
3245601 4814144
2592670 2023625
274084 2826827
2875498 1382355
2893847 1104989
51221 1419658
2062363 601926
1737489 404179
1665542 2601192
4137591 869734
3189232 2437529
2054975 3460523
3041422 4775108
2483584 4431724
4727864 1182082
771545 426488
478678 4272678
2628519 4431724
2905944 1970485
423245 953851
3207870 2161626
3251132 2009668
1545087 4305423
2659901 1696299
4233527 4830911
4704015 1396534
301543 953851
882943 4458296
4116463 1752386
1811588 370450
1112060 208464
2609954 3081832
1460690 2873064
3451430 2536868
2507067 1314229
2848035 4458909
1857038 2826827
1301224 19169
4233359 1787773
2664944 4673728
3212726 301543
270355 3515006
499496 2604221
167964 3245601
767913 2183753
1981948 2875498
4274606 4699541
4322404 4137591
1289812 4915145
946565 4188286
2389141 4647611
4948256 869734
4390838 117157
3571015 547350
2317841 3707861
142637 3350932
1901650 1275627
1350893 2897753
4173452 2628519
2642233 1396534
3046634 1962658
2560148 370450
3174213 1830285
309200 3041422
3196858 1838213
1581361 4019789
4033676 3973022
4104902 1953195
4914948 1982525
1560674 2227129
4026923 1565574
3693878 1016077
102619 1838213
51945 1857038
52392 1104989
3136698 4704015
2225938 2476924
4131461 1577958
89961 1565574
4931515 301543
4398869 2814734
2013971 1962658
1186215 2009668
3168330 1970485
2149288 1601833
4556085 2829589
4864774 4597578
3175951 3859405
1151679 2659901
4003073 2437529
4788132 3778433
1916113 2826827
4425790 4272678
3630028 4931515
2787200 4116463
3871974 3571015
3352867 4274606
2982168 2829589
1775629 426488
983309 3732466
1890080 274084
2516667 2054975
1797864 2733869
4058826 4322404
187726 1775629
897681 1254084
3405686 1577958
1634721 3405686
3110415 1771459
3747124 102619
2481762 2652181
314806 1238538
3185602 4355205
3093481 3871974
1386630 3196858
3094084 3245601
2921293 4788132
1521054 301543
2080248 4898297
2125131 3420288
4397958 1382355
2046995 3871974
2697479 1737489
4257918 3369374
1622498 2652181
1967462 192125
1592022 547350
3933037 89961
1499458 4224310
3074098 598476
2934600 4067958
3008352 117157
3820540 3157756
758762 3207870
3378397 585561
3995828 4431724
3184230 2507067
4250658 1043902
210940 3837086
1495162 2227870
1750792 1878360
2556398 4814144
2166946 1112060
698638 4244946
774515 4233527
4765615 3244485
2352570 1870053
4659557 320326
1640524 882943
4690330 3185602
3514333 1182082
4119737 735097
3371278 4896282
1390714 4645705
929949 3172888
63337 1916113
3372623 187726
4725608 2389141
2817085 4873290
3758652 2606202
3783826 2481762
726249 2317841
1758819 1870053
1111941 2602170
4195565 4026923
866216 3378397
1152609 431924
1676893 4188286
120300 2380833
745589 3574855
1737968 984021
336268 1289812
110422 2389141
2820910 3094084
1845391 81337
2640874 1443844
4048255 3184230
4746972 2705829
1245547 1260537
2915605 4331107
947950 4119737
2542481 3093481
1743439 963737
4129762 3405686
4084415 478678
2241759 2592670
2069486 3184230
4585945 4746972
1678700 1811588
1941787 4305423
590974 4104902
228283 2013971
3312376 1545087
4492723 150145
194776 4873290
1142182 1963169
4908925 2069486
4879677 946565
1437534 19169
1711068 4382223
1967783 3562053
2299426 4630548
1987612 1132717
281408 1396534
87185 2915605
2396443 1112060
18850 1981948
1133650 4645705
1921454 2299426
1837465 3693878
2149793 4420851
4740972 3889801
4038442 2587164
3795770 3189232
3641381 3014413
3232237 1460690
1806595 1016077
3282042 3378397
1831058 1460690
4871670 2893847
1512258 2934600
3625783 2396443
2428610 4048255
1298434 2251008
2183503 4673728
3660938 4084415
2592750 3312376
1008458 126202
662756 2829589
2799489 336268
3682075 2601192
3867833 4597578
3326048 601926
4932433 1963169
2661735 2179718
1001837 1711068
4827328 3566072
3721244 4270188
1089252 4830911
4329535 1512258
2643497 4814144
1512015 4746972
1906100 2661735
1489523 1906100
4768633 3778433
2019854 63337
1974919 1502483
792931 4871670
3413487 2352570
258483 281408
4926193 3820540
111560 1921454
3431497 2905944
321540 1694018
2923392 2470649
511578 4809358
4719277 4398869
1931620 3235537
3291276 2661735
833578 370450
4206489 1043902
4502924 601926
3827008 603646
2086477 499496
3732607 4733061
753722 882943
218761 1152609
3931163 3014413
2179932 953851
2414954 4058826
3630396 81337
1160904 322963
1364680 194776
334387 2893847
2403517 1696299
1700241 321540
2493523 4355205
1079621 2659901
2969916 1437534
1793579 1981948
782750 4173452
2314081 3168330
1804676 3074098
4001784 1845391
943608 1577958
2459929 4898297
1685055 370450
4738922 4322404
1520986 2227129
4491577 2023625
1319916 2251008
2925469 4727864
1490693 4502924
3176949 1512015
1426052 4250658
519487 3282042
1636955 4814144
3970180 4188286
677065 919497
2622578 309200
3794140 1314229
4472445 4206489
4763489 1382355
1493333 3995828
2157282 511578
4328896 947950
224882 4355205
1417231 2227129
2056479 428467
411351 2799489
2089646 3517398
2620189 582798
1668486 590974
309614 1486362
2541777 3282042
40861 1878360
832455 3732607
1068752 111560
2986281 4246279
4565947 3174213
3189135 1678700
2769859 2875498
749253 4058826
1351643 4659557
1543232 983309
1819926 4940176
4514801 2875498
2010855 3773931
2170573 585561
2456473 4926193
524353 81477
2872699 4003788
1447465 4329535
299981 1520986
4764381 3758652
3916671 382859
3750032 89961
3223165 81337
1591293 2632668
796948 1560674
1728166 590974
2001020 4288617
304788 3420288
4851969 4659557
1174015 3014413
1849168 3110415
4292097 184932
3915199 2358114
4879199 3371278
2118271 1068752
4156085 451258
801331 2934600
3883444 1636955
74360 1771459
766431 1447465
2720268 983309
3850337 3282042
1052677 451258
2709022 336268
542 2925997
401388 4067958
2921647 1970485
946584 3369374
2630493 3758652
27482 1797864
1660753 4382223
859095 1743439
2213964 3721244
3728106 4104902
3452593 1830285
814868 1931620
2150968 1953195
2172079 771545
431531 4389866
2810663 314806
1557936 299981
3661874 1655141
3375680 601926
4555725 4857595
3093559 2817085
1037832 2873064
4407375 1260537
3871962 309200
3370797 519487
90080 2642233
769058 866216
2408546 117157
2749097 3326048
3361072 3245601
2092955 4556085
1433588 4896282
1708315 2709022
2251009 1711068
1371455 4032591
430742 2814734
4244512 194776
207368 2001020
2157650 963737
3362759 2921647
3955303 51221
4814199 316413
2928661 382859
1528753 3196858
305987 766431
2550083 3189135
3172718 2810663
637229 2092955
3644769 2620189
71047 3460523
4894326 1953195
3236540 1655141
4932588 4397958
2727945 2427813
4720183 3094084
4554978 1382355
73262 1806595
4897196 320326
892935 3291276
4944790 4514801
4661001 929949
3094567 1008458
1372671 1443844
4983545 2483584
2188838 2183503
3728563 1002510
2668801 3707861
4907604 585561
2281197 2001020
2730363 273357
3637721 4104902
4233445 2604221
4966741 2664944
3149151 1182082
553393 382859
2809882 71047
1543822 1104989
2451338 2862550
2931339 2556398
1044623 3163035
801724 4690330
3329733 4926193
969130 1700241
4899445 321540
1165750 4390838
3401963 4645705
2002209 1942695
2241908 3158651
4771920 1737968
2933855 4738922
641056 698638
1847075 3783826
1196741 2620189
1852779 314806
2850667 2389141
1274118 2022193
312119 3244485
2384091 3244485
2966060 1001837
2933432 1520986
814875 1319916
1868074 382859
2920476 2921293
3518329 4119737
4763072 3637721
1905787 769058
2404893 3168330
640681 4149314
74176 2086477
1956139 4871670
1083 4720183
177621 2921293
3275722 4932433
3292581 874041
4791891 2542481
4454834 832455
3492702 1868074
45141 3895075
3475891 4472439
4141400 4740972
1913162 3326048
1279410 2179718
3846260 4565947
2063874 1008458
2252195 1882529
3606038 2604221
3138245 758762
4276867 2470649
433063 1260537
49617 1490693
247226 3370797
501051 3460523
1369458 4246279
4569405 774515
4646819 1460690
567531 769058
470591 4585945
3898915 3149503
3196272 4149314
3840133 478678
1443569 1737489
4552078 4763072
2595333 3413487
4910103 1543232
2340722 2634313
1128990 582798
1433258 2225938
3529658 1052677
3052683 2225938
35568 3184230
3956135 4492723
3626742 3163035
2013188 1806595
451357 3747124
3477469 947950
3831913 2664944
2120061 3212726
757504 3138245
2058102 1152609
1543529 2170573
759149 3728106
2450844 952725
1204065 2010855
548773 74176
2316747 2459929
3704398 1941425
1057352 1819926
543043 4899577
881563 4149314
3517022 801331
4119492 1901650
815477 641056
3779178 4038442
1172348 470591
1821635 1967783
3831662 1700241
2639420 892935
229273 881563
1888888 3933037
2171892 2483584
2681749 4398869
3896932 3451430
812003 4814199
298631 2317841
1538630 3172888
3646407 1238538
4309681 74176
1126177 3515006
2366459 637229
3427633 2157282
3952630 1837465
4958782 4458909
4618290 120300
3090997 414833
4238890 3931163
1428703 4704015
3853661 51221
2470386 52392
2669601 1967783
2091497 984021
2518058 4864774
1780581 2705829
2714287 603646
64979 2933432
2000530 677065
1180205 4898297
3304459 4830911
3983760 1830285
4360481 4725608
688493 3312376
1617746 1941425
1720538 1931620
574917 4328896
2605752 2171892
4362255 4897196
2262401 3168330
2600393 4725608
2748792 767913
4360137 2659901
1928211 2171892
1712627 2080248
4905248 1888888
1481149 4647611
1720875 3896932
4515436 4472439
1231443 4425790
1562861 35568
3873967 4257918
3946704 3778433
4560308 3329733
1870792 51221
512469 4431724
3129814 3970180
4293743 2809882
1006474 4329535
65158 2925997
3607809 3110415
4470040 4026923
3657975 430742
892503 2920476
4126840 1640524
1785395 1775629
4877651 4775108
1890083 309200
3931250 1132717
2561381 3401963
44277 4647611
4243565 4905248
3350885 4899577
1480889 3859405
3854925 3625783
2605045 2829589
3223855 677065
4294773 18850
2532675 2157650
3361001 3431497
3105974 3682075
3561071 801724
4382145 2946439
3268718 4983545
2133037 1752386
4057162 4425790
1939539 1601833
4479103 87185
1150839 229273
3292645 1728166
2009645 4454834
1771862 3561071
2732480 1685055
3973542 3973022
2053277 943608
1341401 4502924
3840169 4556085
4797939 208464
2241426 45141
1791575 2933855
4837700 1460690
3636002 548773
950684 1528753
1379507 2628519
2842944 87185
3217058 3475891
1690677 4034962
3593041 2749097
2641623 749253
737929 409313
2167615 1640524
4597759 3795770
4525093 2340722
3302448 3779178
2996224 3841998
2758133 2925469
392170 4058826
1295084 4912995
3786923 1830285
4023024 3732607
1059412 1301224
2685407 45141
2840704 819796
3350891 732818
877734 3630028
437998 1660753
195621 2620189
991376 4525093
1708108 431531
4956068 1567410
1022438 753722
3204318 586439
4856339 919497
3084632 1720538
3153787 3517022
765020 3873967
541988 4356549
2993642 3052683
3240104 512469
578509 3946704
2099761 3859405
1874804 1204065
1438842 2946439
1641620 4908925
781187 1690677
634591 814875
4150656 1551520
148411 4912995
2528738 2532675
1245507 3232237
850951 2556398
4914958 3223165
2917013 2620189
3571060 305987
4745402 52392
437373 4131461
1525275 3235537
330761 2642233
62729 1151679
3922451 4492723
3942570 859095
4743407 1882529
78440 2740055
2641409 2592750
384360 330761
1730654 4788132
154523 1112060
4896766 3607809
2586632 3898915
2410666 4853102
2838160 2925997
2077091 1982525
3891687 3794140
448317 2251009
3573388 2179932
1570466 3915199
2626919 3451430
2401267 3196272
1004314 4119737
554007 735097
2169722 1489523
85463 2013971
4483793 1785395
2193043 2541777
3156626 1151679
3360620 4733061
2928964 3172888
3674693 4360481
2763000 3172718
1007551 953851
3800943 4896766
2890361 3189135
2731434 4019789
635563 543043
4483888 2602170
1571430 2587164
4644074 1641620
3371981 1521054
1126292 65158
3347123 1480889
4941461 984021
4997369 4382145
4014179 1386630
3189914 71047
4415936 1001837
311453 598476
4747981 774515
696816 3660938
3675385 3783826
2317157 426488
678310 3660938
1883171 1668486
2482764 4131461
1712047 4699541
947311 2470386
4050053 1447465
822740 1882529
1774320 3196272
3780998 3641381
1044489 3933548
2448388 1967462
2206919 1737489
4284609 4292097
4812716 2056479
3976853 2550083
3324593 2389141
3504854 2340722
1612294 790227
3330146 142637
4720428 1941425
2439421 1419658
3672033 1967462
2725329 4233359
